           0 	            0 	            0
           0 	 0.04761904762 	            0
           0 	 0.09523809524 	            0
           0 	 0.1428571429 	            0
           0 	 0.1904761905 	            0
           0 	 0.2380952381 	            0
           0 	 0.2857142857 	            0
           0 	 0.3333333333 	            0
           0 	  0.380952381 	            0
           0 	 0.4285714286 	            0
           0 	 0.4761904762 	            0
           0 	 0.5238095238 	            0
           0 	 0.5714285714 	            0
           0 	  0.619047619 	            0
           0 	 0.6666666667 	            0
           0 	 0.7142857143 	            0
           0 	 0.7619047619 	            0
           0 	 0.8095238095 	            0
           0 	 0.8571428571 	            0
           0 	 0.9047619048 	            0
           0 	 0.9523809524 	            0
           0 	            1 	            0
0.04761904762 	            0 	            0
0.04761904762 	 0.04761904762 	 0.2488234504
0.04761904762 	 0.09523809524 	 0.5034823699
0.04761904762 	 0.1428571429 	 0.7699988415
0.04761904762 	 0.1904761905 	  1.054784236
0.04761904762 	 0.2380952381 	  1.364877144
0.04761904762 	 0.2857142857 	  1.708242893
0.04761904762 	 0.3333333333 	  2.094174216
0.04761904762 	  0.380952381 	  2.533856021
0.04761904762 	 0.4285714286 	  3.041198951
0.04761904762 	 0.4761904762 	  3.634122495
0.04761904762 	 0.5238095238 	  4.336612628
0.04761904762 	 0.5714285714 	   5.18216517
0.04761904762 	  0.619047619 	  6.219826644
0.04761904762 	 0.6666666667 	  7.525388743
0.04761904762 	 0.7142857143 	  9.223530857
0.04761904762 	 0.7619047619 	  11.53516691
0.04761904762 	 0.8095238095 	  14.88837024
0.04761904762 	 0.8571428571 	  20.20634727
0.04761904762 	 0.9047619048 	  29.74060416
0.04761904762 	 0.9523809524 	  49.75117655
0.04761904762 	            1 	          100
0.09523809524 	            0 	            0
0.09523809524 	 0.04761904762 	 0.4918114316
0.09523809524 	 0.09523809524 	 0.9951071876
0.09523809524 	 0.1428571429 	   1.52172876
0.09523809524 	 0.1904761905 	   2.08426096
0.09523809524 	 0.2380952381 	  2.696481446
0.09523809524 	 0.2857142857 	  3.373920213
0.09523809524 	 0.3333333333 	  4.134597948
0.09523809524 	  0.380952381 	  5.000050916
0.09523809524 	 0.4285714286 	  5.996817289
0.09523809524 	 0.4761904762 	  7.158678401
0.09523809524 	 0.5238095238 	  8.530162846
0.09523809524 	 0.5714285714 	  10.17222141
0.09523809524 	  0.619047619 	  12.17175266
0.09523809524 	 0.6666666667 	  14.65819747
0.09523809524 	 0.7142857143 	  17.83356778
0.09523809524 	 0.7619047619 	  22.02876654
0.09523809524 	 0.8095238095 	  27.81196677
0.09523809524 	 0.8571428571 	   36.1964147
0.09523809524 	 0.9047619048 	  49.00489281
0.09523809524 	 0.9523809524 	  69.26410204
0.09523809524 	            1 	          100
0.1428571429 	            0 	            0
0.1428571429 	 0.04761904762 	 0.7233150886
0.1428571429 	 0.09523809524 	  1.463406189
0.1428571429 	 0.1428571429 	   2.23754805
0.1428571429 	 0.1904761905 	  3.064049399
0.1428571429 	 0.2380952381 	  3.962867467
0.1428571429 	 0.2857142857 	  4.956358564
0.1428571429 	 0.3333333333 	  6.070246448
0.1428571429 	  0.380952381 	  7.334932407
0.1428571429 	 0.4285714286 	  8.787340888
0.1428571429 	 0.4761904762 	  10.47361097
0.1428571429 	 0.5238095238 	  12.45313895
0.1428571429 	 0.5714285714 	  14.80480495
0.1428571429 	  0.619047619 	  17.63676512
0.1428571429 	 0.6666666667 	  21.10208071
0.1428571429 	 0.7142857143 	  25.42377623
0.1428571429 	 0.7619047619 	  30.93436473
0.1428571429 	 0.8095238095 	  38.13431558
0.1428571429 	 0.8571428571 	  47.76245195
0.1428571429 	 0.9047619048 	  60.81845035
0.1428571429 	 0.9523809524 	   78.3003388
0.1428571429 	            1 	          100
0.1904761905 	            0 	            0
0.1904761905 	 0.04761904762 	 0.9380427335
0.1904761905 	 0.09523809524 	   1.89765443
0.1904761905 	 0.1428571429 	  2.901007852
0.1904761905 	 0.1904761905 	  3.971521117
0.1904761905 	 0.2380952381 	  5.134580461
0.1904761905 	 0.2857142857 	  6.418400127
0.1904761905 	 0.3333333333 	  7.855096874
0.1904761905 	  0.380952381 	  9.482091377
0.1904761905 	 0.4285714286 	  11.34400288
0.1904761905 	 0.4761904762 	  13.49528566
0.1904761905 	 0.5238095238 	  16.00397702
0.1904761905 	 0.5714285714 	  18.95709433
0.1904761905 	  0.619047619 	  22.46842218
0.1904761905 	 0.6666666667 	    26.689584
0.1904761905 	 0.7142857143 	  31.82509171
0.1904761905 	 0.7619047619 	  38.15060055
0.1904761905 	 0.8095238095 	  46.02847888
0.1904761905 	 0.8571428571 	  55.90062717
0.1904761905 	 0.9047619048 	  68.20611784
0.1904761905 	 0.9523809524 	  83.11880279
0.1904761905 	            1 	          100
0.2380952381 	            0 	            0
0.2380952381 	 0.04761904762 	  1.131201415
0.2380952381 	 0.09523809524 	  2.288160947
0.2380952381 	 0.1428571429 	  3.497307812
0.2380952381 	 0.1904761905 	  4.786446755
0.2380952381 	 0.2380952381 	  6.185533133
0.2380952381 	 0.2857142857 	   7.72756461
0.2380952381 	 0.3333333333 	  9.449649543
0.2380952381 	  0.380952381 	  11.39433335
0.2380952381 	 0.4285714286 	  13.61129359
0.2380952381 	 0.4761904762 	  16.15955178
0.2380952381 	 0.5238095238 	  19.11038912
0.2380952381 	 0.5714285714 	  22.55117318
0.2380952381 	  0.619047619 	  26.59024526
0.2380952381 	 0.6666666667 	  31.36274138
0.2380952381 	 0.7142857143 	  37.03640608
0.2380952381 	 0.7619047619 	  43.81446687
0.2380952381 	 0.8095238095 	  51.92837224
0.2380952381 	 0.8571428571 	  61.60545999
0.2380952381 	 0.9047619048 	  72.98659106
0.2380952381 	 0.9523809524 	  85.96875453
0.2380952381 	            1 	          100
0.2857142857 	            0 	            0
0.2857142857 	 0.04761904762 	   1.29860198
0.2857142857 	 0.09523809524 	  2.626480129
0.2857142857 	 0.1428571429 	  4.013615696
0.2857142857 	 0.1904761905 	  5.491424957
0.2857142857 	 0.2380952381 	  7.093540705
0.2857142857 	 0.2857142857 	  8.856675639
0.2857142857 	 0.3333333333 	  10.82160334
0.2857142857 	  0.380952381 	  13.03429888
0.2857142857 	 0.4285714286 	  15.54728634
0.2857142857 	 0.4761904762 	  18.42123876
0.2857142857 	 0.5238095238 	  21.72685451
0.2857142857 	 0.5714285714 	  25.54696399
0.2857142857 	  0.619047619 	  29.97864432
0.2857142857 	 0.6666666667 	  35.13473019
0.2857142857 	 0.7142857143 	  41.14332436
0.2857142857 	 0.7619047619 	   48.1424886
0.2857142857 	 0.8095238095 	   56.2650832
0.2857142857 	 0.8571428571 	  65.60624951
0.2857142857 	 0.9047619048 	  76.16603188
0.2857142857 	 0.9523809524 	  87.76962427
0.2857142857 	            1 	          100
0.3333333333 	            0 	            0
0.3333333333 	 0.04761904762 	  1.436726376
0.3333333333 	 0.09523809524 	  2.905541892
0.3333333333 	 0.1428571429 	  4.439249886
0.3333333333 	 0.1904761905 	  6.072096672
0.3333333333 	 0.2380952381 	  7.840529091
0.3333333333 	 0.2857142857 	  9.783993902
0.3333333333 	 0.3333333333 	  11.94578929
0.3333333333 	  0.380952381 	   14.3739725
0.3333333333 	 0.4285714286 	  17.12231414
0.3333333333 	 0.4761904762 	   20.2512624
0.3333333333 	 0.5238095238 	  23.82882618
0.3333333333 	 0.5714285714 	  27.93118394
0.3333333333 	  0.619047619 	  32.64263782
0.3333333333 	 0.6666666667 	  38.05421071
0.3333333333 	 0.7142857143 	  44.25967257
0.3333333333 	 0.7619047619 	  51.34707998
0.3333333333 	 0.8095238095 	  59.38322246
0.3333333333 	 0.8571428571 	  68.38842296
0.3333333333 	 0.9047619048 	  78.30166269
0.3333333333 	 0.9523809524 	  88.94371067
0.3333333333 	            1 	          100
 0.380952381 	            0 	            0
 0.380952381 	 0.04761904762 	  1.542761632
 0.380952381 	 0.09523809524 	  3.119711177
 0.380952381 	 0.1428571429 	  4.765745284
 0.380952381 	 0.1904761905 	  6.517182754
 0.380952381 	 0.2380952381 	  8.412485085
 0.380952381 	 0.2857142857 	  10.49298159
 0.380952381 	 0.3333333333 	  12.80358742
 0.380952381 	  0.380952381 	  15.39348768
 0.380952381 	 0.4285714286 	  18.31673534
 0.380952381 	 0.4761904762 	  21.63267052
 0.380952381 	 0.5238095238 	  25.40600387
 0.380952381 	 0.5714285714 	  29.70630778
 0.380952381 	  0.619047619 	  34.60651232
 0.380952381 	 0.6666666667 	  40.17980225
 0.380952381 	 0.7142857143 	  46.49407521
 0.380952381 	 0.7619047619 	   53.6029363
 0.380952381 	 0.8095238095 	  61.53230369
 0.380952381 	 0.8571428571 	  70.26255718
 0.380952381 	 0.9047619048 	  79.70848524
 0.380952381 	 0.9523809524 	   89.7035557
 0.380952381 	            1 	          100
0.4285714286 	            0 	            0
0.4285714286 	 0.04761904762 	  1.614608975
0.4285714286 	 0.09523809524 	  3.264795901
0.4285714286 	 0.1428571429 	   4.98683732
0.4285714286 	 0.1904761905 	  6.818403974
0.4285714286 	 0.2380952381 	  8.799246909
0.4285714286 	 0.2857142857 	  10.97185994
0.4285714286 	 0.3333333333 	  13.38209114
0.4285714286 	  0.380952381 	  16.07965545
0.4285714286 	 0.4285714286 	    19.118469
0.4285714286 	 0.4761904762 	  22.55668046
0.4285714286 	 0.5238095238 	  26.45621101
0.4285714286 	 0.5714285714 	    30.881531
0.4285714286 	  0.619047619 	  35.89730143
0.4285714286 	 0.6666666667 	  41.56441077
0.4285714286 	 0.7142857143 	  47.93388973
0.4285714286 	 0.7619047619 	  55.03828633
0.4285714286 	 0.8095238095 	  62.88049882
0.4285714286 	 0.8571428571 	  71.42101684
0.4285714286 	 0.9047619048 	   80.5661654
0.4285714286 	 0.9523809524 	   90.1620269
0.4285714286 	            1 	          100
0.4761904762 	            0 	            0
0.4761904762 	 0.04761904762 	  1.650878368
0.4761904762 	 0.09523809524 	   3.33802613
0.4761904762 	 0.1428571429 	  5.098404121
0.4761904762 	 0.1904761905 	  6.970348913
0.4761904762 	 0.2380952381 	  8.994238643
0.4761904762 	 0.2857142857 	  11.21312011
0.4761904762 	 0.3333333333 	  13.67326174
0.4761904762 	  0.380952381 	  16.42457399
0.4761904762 	 0.4285714286 	  19.52080476
0.4761904762 	 0.4761904762 	  23.01937131
0.4761904762 	 0.5238095238 	  26.98062869
0.4761904762 	 0.5714285714 	  31.46630377
0.4761904762 	  0.619047619 	  36.53675162
0.4761904762 	 0.6666666667 	  42.24664967
0.4761904762 	 0.7142857143 	  48.63878662
0.4761904762 	 0.7619047619 	  55.73582045
0.4761904762 	 0.8095238095 	  63.53038841
0.4761904762 	 0.8571428571 	  71.97484596
0.4761904762 	 0.9047619048 	  80.97313262
0.4761904762 	 0.9523809524 	  90.37838651
0.4761904762 	            1 	          100
0.5238095238 	            0 	            0
0.5238095238 	 0.04761904762 	  1.650878368
0.5238095238 	 0.09523809524 	   3.33802613
0.5238095238 	 0.1428571429 	  5.098404121
0.5238095238 	 0.1904761905 	  6.970348913
0.5238095238 	 0.2380952381 	  8.994238643
0.5238095238 	 0.2857142857 	  11.21312011
0.5238095238 	 0.3333333333 	  13.67326174
0.5238095238 	  0.380952381 	  16.42457399
0.5238095238 	 0.4285714286 	  19.52080476
0.5238095238 	 0.4761904762 	  23.01937131
0.5238095238 	 0.5238095238 	  26.98062869
0.5238095238 	 0.5714285714 	  31.46630377
0.5238095238 	  0.619047619 	  36.53675162
0.5238095238 	 0.6666666667 	  42.24664967
0.5238095238 	 0.7142857143 	  48.63878662
0.5238095238 	 0.7619047619 	  55.73582045
0.5238095238 	 0.8095238095 	  63.53038841
0.5238095238 	 0.8571428571 	  71.97484596
0.5238095238 	 0.9047619048 	  80.97313262
0.5238095238 	 0.9523809524 	  90.37838651
0.5238095238 	            1 	          100
0.5714285714 	            0 	            0
0.5714285714 	 0.04761904762 	  1.614608975
0.5714285714 	 0.09523809524 	  3.264795901
0.5714285714 	 0.1428571429 	   4.98683732
0.5714285714 	 0.1904761905 	  6.818403974
0.5714285714 	 0.2380952381 	  8.799246909
0.5714285714 	 0.2857142857 	  10.97185994
0.5714285714 	 0.3333333333 	  13.38209114
0.5714285714 	  0.380952381 	  16.07965545
0.5714285714 	 0.4285714286 	    19.118469
0.5714285714 	 0.4761904762 	  22.55668046
0.5714285714 	 0.5238095238 	  26.45621101
0.5714285714 	 0.5714285714 	    30.881531
0.5714285714 	  0.619047619 	  35.89730143
0.5714285714 	 0.6666666667 	  41.56441077
0.5714285714 	 0.7142857143 	  47.93388973
0.5714285714 	 0.7619047619 	  55.03828633
0.5714285714 	 0.8095238095 	  62.88049882
0.5714285714 	 0.8571428571 	  71.42101684
0.5714285714 	 0.9047619048 	   80.5661654
0.5714285714 	 0.9523809524 	   90.1620269
0.5714285714 	            1 	          100
 0.619047619 	            0 	            0
 0.619047619 	 0.04761904762 	  1.542761632
 0.619047619 	 0.09523809524 	  3.119711177
 0.619047619 	 0.1428571429 	  4.765745284
 0.619047619 	 0.1904761905 	  6.517182754
 0.619047619 	 0.2380952381 	  8.412485085
 0.619047619 	 0.2857142857 	  10.49298159
 0.619047619 	 0.3333333333 	  12.80358742
 0.619047619 	  0.380952381 	  15.39348768
 0.619047619 	 0.4285714286 	  18.31673534
 0.619047619 	 0.4761904762 	  21.63267052
 0.619047619 	 0.5238095238 	  25.40600387
 0.619047619 	 0.5714285714 	  29.70630778
 0.619047619 	  0.619047619 	  34.60651232
 0.619047619 	 0.6666666667 	  40.17980225
 0.619047619 	 0.7142857143 	  46.49407521
 0.619047619 	 0.7619047619 	   53.6029363
 0.619047619 	 0.8095238095 	  61.53230369
 0.619047619 	 0.8571428571 	  70.26255718
 0.619047619 	 0.9047619048 	  79.70848524
 0.619047619 	 0.9523809524 	   89.7035557
 0.619047619 	            1 	          100
0.6666666667 	            0 	            0
0.6666666667 	 0.04761904762 	  1.436726376
0.6666666667 	 0.09523809524 	  2.905541892
0.6666666667 	 0.1428571429 	  4.439249886
0.6666666667 	 0.1904761905 	  6.072096672
0.6666666667 	 0.2380952381 	  7.840529091
0.6666666667 	 0.2857142857 	  9.783993902
0.6666666667 	 0.3333333333 	  11.94578929
0.6666666667 	  0.380952381 	   14.3739725
0.6666666667 	 0.4285714286 	  17.12231414
0.6666666667 	 0.4761904762 	   20.2512624
0.6666666667 	 0.5238095238 	  23.82882618
0.6666666667 	 0.5714285714 	  27.93118394
0.6666666667 	  0.619047619 	  32.64263782
0.6666666667 	 0.6666666667 	  38.05421071
0.6666666667 	 0.7142857143 	  44.25967257
0.6666666667 	 0.7619047619 	  51.34707998
0.6666666667 	 0.8095238095 	  59.38322246
0.6666666667 	 0.8571428571 	  68.38842296
0.6666666667 	 0.9047619048 	  78.30166269
0.6666666667 	 0.9523809524 	  88.94371067
0.6666666667 	            1 	          100
0.7142857143 	            0 	            0
0.7142857143 	 0.04761904762 	   1.29860198
0.7142857143 	 0.09523809524 	  2.626480129
0.7142857143 	 0.1428571429 	  4.013615696
0.7142857143 	 0.1904761905 	  5.491424957
0.7142857143 	 0.2380952381 	  7.093540705
0.7142857143 	 0.2857142857 	  8.856675639
0.7142857143 	 0.3333333333 	  10.82160334
0.7142857143 	  0.380952381 	  13.03429888
0.7142857143 	 0.4285714286 	  15.54728634
0.7142857143 	 0.4761904762 	  18.42123876
0.7142857143 	 0.5238095238 	  21.72685451
0.7142857143 	 0.5714285714 	  25.54696399
0.7142857143 	  0.619047619 	  29.97864432
0.7142857143 	 0.6666666667 	  35.13473019
0.7142857143 	 0.7142857143 	  41.14332436
0.7142857143 	 0.7619047619 	   48.1424886
0.7142857143 	 0.8095238095 	   56.2650832
0.7142857143 	 0.8571428571 	  65.60624951
0.7142857143 	 0.9047619048 	  76.16603188
0.7142857143 	 0.9523809524 	  87.76962427
0.7142857143 	            1 	          100
0.7619047619 	            0 	            0
0.7619047619 	 0.04761904762 	  1.131201415
0.7619047619 	 0.09523809524 	  2.288160947
0.7619047619 	 0.1428571429 	  3.497307812
0.7619047619 	 0.1904761905 	  4.786446755
0.7619047619 	 0.2380952381 	  6.185533133
0.7619047619 	 0.2857142857 	   7.72756461
0.7619047619 	 0.3333333333 	  9.449649543
0.7619047619 	  0.380952381 	  11.39433335
0.7619047619 	 0.4285714286 	  13.61129359
0.7619047619 	 0.4761904762 	  16.15955178
0.7619047619 	 0.5238095238 	  19.11038912
0.7619047619 	 0.5714285714 	  22.55117318
0.7619047619 	  0.619047619 	  26.59024526
0.7619047619 	 0.6666666667 	  31.36274138
0.7619047619 	 0.7142857143 	  37.03640608
0.7619047619 	 0.7619047619 	  43.81446687
0.7619047619 	 0.8095238095 	  51.92837224
0.7619047619 	 0.8571428571 	  61.60545999
0.7619047619 	 0.9047619048 	  72.98659106
0.7619047619 	 0.9523809524 	  85.96875453
0.7619047619 	            1 	          100
0.8095238095 	            0 	            0
0.8095238095 	 0.04761904762 	 0.9380427335
0.8095238095 	 0.09523809524 	   1.89765443
0.8095238095 	 0.1428571429 	  2.901007852
0.8095238095 	 0.1904761905 	  3.971521117
0.8095238095 	 0.2380952381 	  5.134580461
0.8095238095 	 0.2857142857 	  6.418400127
0.8095238095 	 0.3333333333 	  7.855096874
0.8095238095 	  0.380952381 	  9.482091377
0.8095238095 	 0.4285714286 	  11.34400288
0.8095238095 	 0.4761904762 	  13.49528566
0.8095238095 	 0.5238095238 	  16.00397702
0.8095238095 	 0.5714285714 	  18.95709433
0.8095238095 	  0.619047619 	  22.46842218
0.8095238095 	 0.6666666667 	    26.689584
0.8095238095 	 0.7142857143 	  31.82509171
0.8095238095 	 0.7619047619 	  38.15060055
0.8095238095 	 0.8095238095 	  46.02847888
0.8095238095 	 0.8571428571 	  55.90062717
0.8095238095 	 0.9047619048 	  68.20611784
0.8095238095 	 0.9523809524 	  83.11880279
0.8095238095 	            1 	          100
0.8571428571 	            0 	            0
0.8571428571 	 0.04761904762 	 0.7233150886
0.8571428571 	 0.09523809524 	  1.463406189
0.8571428571 	 0.1428571429 	   2.23754805
0.8571428571 	 0.1904761905 	  3.064049399
0.8571428571 	 0.2380952381 	  3.962867467
0.8571428571 	 0.2857142857 	  4.956358564
0.8571428571 	 0.3333333333 	  6.070246448
0.8571428571 	  0.380952381 	  7.334932407
0.8571428571 	 0.4285714286 	  8.787340888
0.8571428571 	 0.4761904762 	  10.47361097
0.8571428571 	 0.5238095238 	  12.45313895
0.8571428571 	 0.5714285714 	  14.80480495
0.8571428571 	  0.619047619 	  17.63676512
0.8571428571 	 0.6666666667 	  21.10208071
0.8571428571 	 0.7142857143 	  25.42377623
0.8571428571 	 0.7619047619 	  30.93436473
0.8571428571 	 0.8095238095 	  38.13431558
0.8571428571 	 0.8571428571 	  47.76245195
0.8571428571 	 0.9047619048 	  60.81845035
0.8571428571 	 0.9523809524 	   78.3003388
0.8571428571 	            1 	          100
0.9047619048 	            0 	            0
0.9047619048 	 0.04761904762 	 0.4918114316
0.9047619048 	 0.09523809524 	 0.9951071876
0.9047619048 	 0.1428571429 	   1.52172876
0.9047619048 	 0.1904761905 	   2.08426096
0.9047619048 	 0.2380952381 	  2.696481446
0.9047619048 	 0.2857142857 	  3.373920213
0.9047619048 	 0.3333333333 	  4.134597948
0.9047619048 	  0.380952381 	  5.000050916
0.9047619048 	 0.4285714286 	  5.996817289
0.9047619048 	 0.4761904762 	  7.158678401
0.9047619048 	 0.5238095238 	  8.530162846
0.9047619048 	 0.5714285714 	  10.17222141
0.9047619048 	  0.619047619 	  12.17175266
0.9047619048 	 0.6666666667 	  14.65819747
0.9047619048 	 0.7142857143 	  17.83356778
0.9047619048 	 0.7619047619 	  22.02876654
0.9047619048 	 0.8095238095 	  27.81196677
0.9047619048 	 0.8571428571 	   36.1964147
0.9047619048 	 0.9047619048 	  49.00489281
0.9047619048 	 0.9523809524 	  69.26410204
0.9047619048 	            1 	          100
0.9523809524 	            0 	            0
0.9523809524 	 0.04761904762 	 0.2488234504
0.9523809524 	 0.09523809524 	 0.5034823699
0.9523809524 	 0.1428571429 	 0.7699988415
0.9523809524 	 0.1904761905 	  1.054784236
0.9523809524 	 0.2380952381 	  1.364877144
0.9523809524 	 0.2857142857 	  1.708242893
0.9523809524 	 0.3333333333 	  2.094174216
0.9523809524 	  0.380952381 	  2.533856021
0.9523809524 	 0.4285714286 	  3.041198951
0.9523809524 	 0.4761904762 	  3.634122495
0.9523809524 	 0.5238095238 	  4.336612628
0.9523809524 	 0.5714285714 	   5.18216517
0.9523809524 	  0.619047619 	  6.219826644
0.9523809524 	 0.6666666667 	  7.525388743
0.9523809524 	 0.7142857143 	  9.223530857
0.9523809524 	 0.7619047619 	  11.53516691
0.9523809524 	 0.8095238095 	  14.88837024
0.9523809524 	 0.8571428571 	  20.20634727
0.9523809524 	 0.9047619048 	  29.74060416
0.9523809524 	 0.9523809524 	  49.75117655
0.9523809524 	            1 	          100
           1 	            0 	            0
           1 	 0.04761904762 	            0
           1 	 0.09523809524 	            0
           1 	 0.1428571429 	            0
           1 	 0.1904761905 	            0
           1 	 0.2380952381 	            0
           1 	 0.2857142857 	            0
           1 	 0.3333333333 	            0
           1 	  0.380952381 	            0
           1 	 0.4285714286 	            0
           1 	 0.4761904762 	            0
           1 	 0.5238095238 	            0
           1 	 0.5714285714 	            0
           1 	  0.619047619 	            0
           1 	 0.6666666667 	            0
           1 	 0.7142857143 	            0
           1 	 0.7619047619 	            0
           1 	 0.8095238095 	            0
           1 	 0.8571428571 	            0
           1 	 0.9047619048 	            0
           1 	 0.9523809524 	            0
           1 	            1 	            0
